steps	episodes	elapsed	mean	median	stdev	max	min	average_q	average_loss	n_updates
250566	415	6253.460877895355	1.44830845771141	1.1499999999999948	1.5974351706338414	6.7099999999998445	-1.1799999999999975	0.06591409484017124	3.415328061724376	57641
500081	820	11518.156468629837	1.4260301507537392	1.1600000000000017	1.5922745369773434	7.409999999999801	-1.1499999999999977	0.051597735032641256	3.154993908034034	120020
750526	1226	16330.570276021957	1.4387437185929366	1.020000000000003	1.6580071796362537	7.449999999999868	-1.1999999999999977	0.002508163258204831	2.9258400981387207	182631
1000470	1627	21325.91950583458	1.5101522842639252	1.2399999999999893	1.6814363020690173	6.689999999999837	-1.1999999999999973	0.05677444837715335	2.7311978418121856	245117
1250560	2042	28061.63907766342	0.9079166666666528	0.7299999999999999	1.15482921822049	5.419999999999886	-1.1099999999999977	0.16664597344014145	2.5357903255420013	307639
1500254	2464	34101.12973976135	1.3288613861385894	1.1499999999999915	1.4951597497284073	6.7999999999997955	-1.3799999999999975	0.09923868791910948	2.3513586950113043	370063
1750370	2868	39256.00198531151	1.7543386243385852	1.619999999999992	1.787528369553198	9.019999999999778	-1.2399999999999973	0.19246256705569664	2.185755156015171	432592
2000103	3259	44370.061700582504	1.1271497584540857	0.8899999999999955	1.3834069004529095	4.989999999999892	-1.1099999999999977	0.07797807901235207	2.026161162760075	495025
2250400	3653	49528.07785534859	1.9756521739130022	1.4799999999999542	1.8262573657038095	9.969999999999756	-1.0499999999999976	0.15489935797844406	1.901082904165804	557599
2500095	4024	54693.422353982925	2.329248554913244	2.0099999999999696	1.999721786335484	9.689999999999776	-1.0599999999999976	0.2125788052417865	1.779635846985848	620023
2750285	4357	59881.954676389694	5.576033057851096	5.159999999999881	2.9848007971886137	18.380000000000326	0.38000000000000367	0.16740983316481386	1.7117218125985674	682571
3000025	4611	65063.24064874649	7.337669902912447	6.799999999999799	3.509261752396091	19.930000000000632	0.9300000000000046	0.2617622012384124	1.652241699558588	745006
3251076	4803	70242.84427881241	6.619724770642045	6.149999999999827	3.501390585847028	19.160000000000274	-0.009999999999995901	0.2553718506939264	1.618982143410298	807768
3501261	4944	75416.95667719841	11.55142857142853	10.469999999999715	5.916194036684605	26.000000000001535	1.0500000000000027	0.3745480498899493	1.5816578409593962	870315
3750461	5048	80596.44142818451	23.66456521739246	27.00000000000173	6.427720074982138	31.00000000000204	7.879999999999811	0.46407517246341506	1.527500120899809	932615
4000562	5140	85752.17536640167	23.067234042554215	26.00000000000138	6.210272241505012	31.00000000000189	6.189999999999828	0.556724875558195	1.4521998436462584	995140
4250259	5229	90912.03967356682	25.99186046511767	27.00000000000189	4.457631901643329	31.000000000002068	13.429999999999652	0.6229693094864176	1.360501972353904	1057564
4500536	5313	96103.9810886383	29.682926829270155	30.00000000000189	1.1713032141646118	33.00000000000189	26.000000000001712	0.7263914048791824	1.2827270254014227	1120133
4752536	5397	101289.51548194885	29.39024390244084	29.00000000000189	1.2821475886280433	32.00000000000207	27.000000000001535	0.7773630175914705	1.2182148822480812	1183133
5001280	5480	106402.16479897499	29.78048780487993	30.00000000000189	1.1070726065158187	32.000000000002224	27.000000000001727	0.7800711465988971	1.1599062513300682	1245319
5250280	5563	111537.6338353157	28.951219512196904	29.00000000000189	1.499186771423201	32.00000000000207	26.000000000001357	0.8453500569461916	1.0944427205654574	1307569
5502280	5647	116738.03408169746	29.682926829270123	30.00000000000189	1.0592219878346343	33.00000000000189	27.000000000001535	0.8503430031875943	1.0539384727872632	1370569
5751280	5730	121910.36505746841	29.951219512197007	30.00000000000189	1.1821848314075205	32.000000000002245	27.000000000001357	0.8719297478874625	1.0060081679704815	1432819
6002575	5814	127142.43421173096	29.341463414636003	29.00000000000189	1.2167529761123612	32.00000000000207	26.000000000001535	0.899599379290784	0.95582554289248	1495643
6251516	5898	132339.0870101452	29.292682926831088	29.00000000000189	0.9550890649313583	31.000000000002068	28.000000000001535	0.9143561818433441	0.9215888252022496	1557878
6500516	5981	137507.75518512726	29.951219512196978	30.00000000000189	1.1391053399970992	33.00000000000174	28.000000000001535	0.9187999693904345	0.9380119802253577	1620128
6752516	6065	142728.53723931313	29.609756097562798	30.00000000000189	1.1592680617633864	33.00000000000171	27.000000000001364	0.9422350091416287	0.9302154524337028	1683128
7001516	6148	147903.44776320457	29.390243902440854	29.00000000000189	1.282147588628039	32.00000000000207	26.00000000000156	0.9389022081248839	0.9255601503140326	1745378
7252600	6232	153103.90480780602	29.29268292683111	29.00000000000189	1.4533393003533333	33.00000000000189	27.000000000001535	0.9261611547277646	0.9364405285651736	1808149
7501600	6315	158267.10605978966	29.048780487806674	29.000000000001712	1.223748738757287	32.000000000002224	27.000000000001357	0.9446904103917659	0.9282258466024602	1870399
7751840	6399	163463.35630226135	28.00073170731873	28.000000000001712	2.0500175490030936	30.000000000001982	17.980000000000135	0.940668079903496	0.9318533085572364	1932959
8000840	6482	168666.23415470123	26.649534883722396	28.000000000001712	4.472525095614585	31.000000000002068	11.459999999999694	0.9373935110746761	0.9428903568657347	1995209
8252385	6566	173924.16837191582	29.414634146343307	29.00000000000189	1.3959872806745728	33.00000000000189	27.000000000001357	0.9710154337791391	0.8936108696549674	2058096
8501385	6649	179148.48118281364	29.243902439026183	29.00000000000189	1.090423949775581	32.000000000002224	26.00000000000127	0.9556194669532384	0.8948882841389312	2120346
8750383	6732	184375.1708097458	29.731707317075006	30.00000000000189	1.2252426340098341	33.00000000000174	28.000000000001357	0.9694584033350274	0.8747960498773925	2182595
9001113	6816	189601.1258869171	29.34975609756278	30.00000000000189	1.5838252552049346	32.000000000002245	22.34000000000079	0.9698319135382626	0.8877420606800078	2245278
9250113	6899	194946.1879477501	29.853658536587247	30.00000000000189	0.8234371745846301	32.00000000000171	28.00000000000156	0.9897646653966128	0.8903889077770338	2307528
9501610	6983	202283.2440021038	29.73170731707502	30.00000000000189	1.1185792382282644	32.00000000000207	27.000000000001535	0.9821609448209792	0.851703661594064	2370402
9751256	7067	207897.26853370667	29.756097560977437	30.00000000000189	1.1785687889318228	32.000000000002245	28.000000000001535	0.9387409670442857	0.8207610282506217	2432813
10000256	7150	213149.1958808899	29.829268292684777	30.00000000000189	1.2227517946090714	34.00000000000169	28.000000000001535	0.9731558047104668	0.870633556608282	2495063
10252256	7234	218446.07433390617	29.560975609757943	30.00000000000189	0.8381163549236178	31.000000000002245	28.000000000001535	0.9483723216621855	0.8746449509982175	2558063
10501256	7317	223697.57979154587	29.01073170731885	29.000000000002068	1.673535763352597	32.00000000000189	22.440000000000964	0.986851391893892	0.8809050572663996	2620313
10750256	7400	228950.48519802094	29.439024390245734	30.00000000000189	1.096557807135772	32.00000000000207	27.000000000001382	0.9612425344290935	0.8939276565044502	2682563
11002135	7484	234230.7000067234	29.951219512197003	30.00000000000189	1.2440100383879515	34.00000000000181	27.00000000000158	0.9573545884952923	0.8473582899738724	2745533
11251135	7567	239424.43462705612	29.731707317075024	30.00000000000189	0.9226155820249574	33.00000000000187	28.000000000001535	0.979230780835335	0.79279448227464	2807783
11500135	7650	244615.24669265747	28.951219512196914	29.000000000001712	1.2835735178048877	33.00000000000171	27.000000000001357	0.9761282957764751	0.896543584752804	2870033
11752135	7734	249878.84663915634	29.975609756099452	30.00000000000189	1.036527975455838	33.00000000000171	27.00000000000154	0.975930223331503	0.8977530373139117	2933033
12001135	7817	255098.09560513496	29.658536585367703	30.00000000000189	1.015129452276031	32.00000000000207	27.000000000001712	0.9878200445233146	0.8474320969420426	2995283
12252075	7901	260303.0488011837	29.95121951219699	30.00000000000189	1.0712427248807832	32.00000000000207	27.00000000000156	0.9745183865931859	0.7338227707421002	3058018
12500954	7984	265483.437387228	29.274634146343264	30.00000000000189	1.4040585770562681	31.000000000002068	23.260000000001273	0.9832451177991219	0.7117356098705127	3120238
12752954	8068	270739.12754654884	29.279024390245727	30.000000000001734	1.6787015888450516	32.000000000002224	23.440000000000936	0.9808580540735266	0.8869739491899202	3183238
13001954	8151	275919.0177462101	28.55261904762076	29.5000000000018	2.9807521227353853	31.000000000002068	16.419999999999938	0.9688026690534326	0.8430257208162745	3245488
13250935	8234	281123.3332092762	29.63414634146529	30.00000000000189	1.1566351533863122	32.00000000000189	26.000000000001535	0.9848376400778256	0.803705193553611	3307733
13502935	8318	286393.84769129753	30.024390243904353	30.00000000000189	0.8212126666720232	32.00000000000207	28.000000000001712	0.9896732357992105	0.8303094096006916	3370733
13751935	8401	291629.82845687866	30.024390243904346	30.00000000000189	0.9350883615480399	32.000000000002046	28.000000000001535	0.9748437565348254	0.7698189261677744	3432983
14000670	8484	296815.02618312836	29.853658536587226	30.00000000000189	0.7924952873600649	31.000000000002068	28.000000000001535	0.9709177926105436	0.748026105238378	3495167
14251168	8568	302035.8637473583	29.70731707317259	30.00000000000189	0.9550890649313236	31.000000000002068	27.000000000001535	0.9840675961490172	0.8843951037377863	3557791
14502137	8652	307279.2681157589	29.41951219512376	30.00000000000189	1.589216711496001	32.00000000000189	22.200000000000788	0.982410075208013	0.8978989337122165	3620534
14750489	8735	312504.4331691265	29.87804878048969	30.00000000000189	1.268761639379618	32.000000000002245	27.00000000000156	0.9853329971917502	0.8103589280861117	3682622
15001342	8819	317776.0734307766	29.439024390245756	30.000000000001712	0.9232762448966004	31.00000000000209	27.000000000001712	0.9830355129844126	0.774769920367028	3745335
15252556	8903	323059.35856485367	29.70731707317262	30.00000000000189	1.2092126041153615	32.00000000000189	27.000000000001535	0.9352483091012769	0.8921030609280821	3808138
15502669	8987	328322.2224519253	29.378048780489653	30.0000000000018	1.3728641948719142	31.000000000002068	23.50000000000144	0.9846806247464917	0.871065737017946	3870667
15751669	9070	333544.30503487587	29.51219512195306	30.00000000000189	1.164516020059761	31.000000000002068	26.00000000000155	0.9905013103916215	0.8555549371656717	3932917
16001905	9154	338740.73669600487	29.926829268294554	30.00000000000189	0.9052691285590695	32.00000000000207	28.000000000001712	0.9754705984423302	0.829258434841124	3995476
16250905	9237	343933.26211094856	29.87804878048968	30.00000000000189	0.9538113532355708	32.000000000002245	28.000000000001737	0.970363763074119	0.8190235001374384	4057726
16502844	9321	349208.12911343575	29.536585365855522	30.00000000000189	1.3434574979435383	32.00000000000207	26.000000000001535	0.9735401009851598	0.8720160937634751	4120710
16751844	9404	354432.6503932476	29.229024390245733	29.000000000002068	1.445177852165794	31.000000000002245	22.390000000001283	0.970411334402174	0.8508640630023308	4182960
17000565	9487	359642.8420031071	29.707317073172607	30.00000000000189	0.9285446257188269	31.000000000002057	27.000000000001535	0.9695708113389043	0.8269326045923204	4245141
17251810	9571	364902.1224799156	28.95463414634325	29.000000000002068	2.022963293736555	34.000000000001535	21.14000000000111	0.9771717627885974	0.8113284812808208	4307952
17500810	9654	370129.7659289837	29.351951219514017	30.00000000000189	2.149338525584535	32.00000000000189	17.43000000000055	0.9741040413880377	0.8863925151979676	4370202
17750166	9738	375386.5124619007	29.17146341463597	29.00000000000189	1.7934151234107965	32.00000000000207	21.580000000001206	0.9719196693287635	0.779241904988978	4432541
18000394	9822	380662.6091723442	29.13390243902622	29.000000000002068	1.124555196619574	30.000000000002068	25.490000000001476	0.9758188514337979	0.8058973521139108	4495098
18251854	9906	385952.63977122307	29.53975609756282	30.00000000000189	1.6752022083990439	32.00000000000207	22.130000000000777	0.953620350644763	0.8297063393665658	4557963
18500085	9989	391773.2559595108	29.975609756099434	30.00000000000189	0.9350883615480434	32.00000000000207	27.000000000001535	0.9779622205514217	0.8356784346580605	4620021
18752085	10073	403841.8365688324	29.585365853660367	30.00000000000189	1.09488834490329	32.00000000000189	27.000000000001712	0.9801639779919757	0.8546185169777135	4683021
19001085	10156	417901.09699606895	29.731707317075035	30.00000000000189	1.1837311824039396	32.00000000000207	28.000000000001535	0.97020638477494	0.8574804891113057	4745271
19250085	10239	431909.3618030548	29.82926829268481	30.00000000000189	1.2021322519671689	33.000000000001876	27.000000000001712	0.9829227788344173	0.8881837056751013	4807521
19501776	10323	446171.02214455605	29.878048780489717	30.00000000000189	1.0769197266097466	32.000000000002245	27.000000000001712	0.9455822512914522	0.9069449843740611	4870443
19750776	10406	460122.8270008564	29.75609756097747	30.00000000000189	0.9428808992890529	31.000000000002068	26.000000000001357	0.9773521504919884	0.8365626375968038	4932693
20002189	10490	474430.463750124	28.562439024391974	29.000000000001712	1.9177914126515145	31.000000000002064	21.08000000000074	0.9627454295100424	0.8507922798904215	4995547
20251189	10573	488821.68709492683	29.756097560977487	30.00000000000189	1.15716221431747	32.000000000002046	26.000000000001712	0.9583434442992609	0.7487456857080313	5057797
20500189	10656	503209.9724881649	29.951219512197024	30.00000000000189	1.0476454436544929	32.000000000002245	27.000000000001535	0.9432786990490493	0.8083380353561117	5120047
20751181	10740	517762.63201355934	29.829268292684812	30.00000000000189	0.9193051458681193	32.00000000000207	28.000000000001712	0.9653956363080606	0.7891706367237957	5182795
21000535	10824	532199.806240797	29.853658536587247	30.00000000000189	0.8820707344016859	31.000000000002068	28.000000000001712	0.9575604003633769	0.820981525142527	5245133
21251955	10908	546720.2967574596	29.951219512197	30.00000000000189	0.6689999817712051	31.000000000002068	28.00000000000159	0.9773004356023042	0.8051621446299567	5307988
21500955	10991	561137.6300241947	29.658536585367706	30.00000000000189	1.0632440006312112	32.000000000002245	28.000000000001535	0.9717992389209981	0.8315872880766888	5370238
21752955	11075	575726.2508943081	30.07317073170922	30.00000000000189	0.6852095994088607	32.000000000002245	29.000000000001712	0.9719363600035205	0.8444912184244432	5433238
22001955	11158	588851.4314963818	30.097560975611657	30.00000000000189	0.7350128586896479	32.00000000000207	29.000000000001712	0.9864904641667338	0.8228966457972805	5495488
22250955	11241	594151.0731742382	27.58372093023416	30.000000000001712	4.123487903668331	31.000000000002068	15.539999999999699	0.967831271095985	0.7708994802857669	5557738
22502057	11325	599467.566890955	30.048780487806763	30.00000000000189	0.7730206825239729	32.00000000000189	28.00000000000189	0.9887230377576182	0.7136187102802416	5620514
22752642	11409	604743.8032097816	29.504878048782324	30.00000000000189	1.463207302386287	31.000000000002068	23.70000000000082	0.972316661612467	0.7159732306150906	5683160
23001642	11492	610012.06883955	29.43634146341647	30.00000000000189	1.4603591272314818	31.000000000002068	23.890000000001226	0.9736993649861824	0.720323055541044	5745410
23252899	11576	615322.6883718967	29.03857142857323	30.00000000000189	3.5766127669934313	32.00000000000189	10.18999999999972	0.9661845277865495	0.76708318815449	5808224
23501899	11659	620600.727022171	29.585365853660388	30.00000000000189	1.1827005063857432	32.00000000000207	26.000000000001556	0.9844225188108252	0.7914270942274596	5870474
23750317	11742	625866.7529182434	29.47512195122133	30.00000000000189	1.9927557827683398	33.00000000000171	21.700000000001154	0.9943696157772205	0.7678931100280223	5932579
24002317	11826	631192.0036427975	29.322619047620847	30.00000000000189	2.9795719610122204	32.00000000000189	15.920000000000014	0.9804587374961788	0.7515276523660962	5995579
24250826	11909	636467.4227206707	29.56097560975793	30.00000000000189	0.8077369772335323	31.00000000000189	27.000000000001847	0.973751676512332	0.8096644108078821	6057706
24502414	11993	641798.1274664402	29.74170731707502	30.00000000000189	1.6296685283197503	31.000000000002068	20.410000000000487	0.9750109234200734	0.8261182015557089	6120603
24751414	12076	647084.4799246788	29.536585365855522	30.00000000000189	1.2061832567154491	32.00000000000223	26.000000000001428	0.9581095908859709	0.7900502998173223	6182853
25000414	12159	652347.5578217506	29.90243902439213	30.00000000000189	0.8308091853363117	32.000000000002146	29.000000000001712	0.9819497081959477	0.8795524458231069	6245103
25252357	12243	657666.7784159184	27.88000000000162	29.000000000001712	2.6470812273884117	32.00000000000214	20.350000000000453	0.9311139751948736	0.8788760894344533	6308089
25500565	12326	662912.0058059692	30.024390243904328	30.00000000000189	0.8212126666719963	32.00000000000207	28.000000000001663	0.9801246667372366	0.8348536689389778	6370141
25751157	12410	668208.8688619137	29.8292682926848	30.00000000000189	1.1158503265311852	32.00000000000207	27.000000000001535	0.9737700552032211	0.834510817326044	6432789
26000157	12493	673484.8027915955	29.804878048782356	30.00000000000189	1.0774857816956838	32.000000000002245	26.000000000001535	0.9553294326309575	0.8249949060574397	6495039
26251696	12577	678801.6251072884	29.463414634148176	30.00000000000189	1.074652524670516	31.000000000002068	27.00000000000137	0.9838365311152715	0.8301214908690033	6557923
26500696	12660	684077.8156926632	29.756097560977484	30.00000000000189	1.0435633139604552	32.00000000000207	27.000000000001712	0.9691322806716905	0.8326953911689928	6620173
26752696	12744	689396.3561346531	29.682926829270155	30.00000000000189	1.0353507712424572	32.000000000002046	28.000000000001556	0.9811230375627642	0.8152992915961864	6683173
27001696	12827	694630.9906756878	29.78048780487995	30.00000000000189	0.8518273041513228	32.000000000002245	28.000000000001535	0.9846485468545568	0.7876516828039186	6745423
27250696	12910	699858.1722726822	29.365853658538416	30.00000000000189	1.1125667971178161	31.000000000002068	27.000000000001382	0.9823014328401453	0.8563133987587448	6807673
27502696	12994	705095.0828223228	28.99073170731888	29.00000000000189	1.3268466193271158	31.000000000002068	25.620000000001674	0.952986803329197	0.8800515762664147	6870673
27751696	13077	710304.4194424152	29.682926829270166	30.00000000000189	0.8197263076858639	32.00000000000207	28.000000000001712	0.942617208991129	0.8981496399967581	6932923
28000696	13160	715519.4399068356	28.536585365855426	28.000000000002068	1.6293796515180252	32.00000000000207	22.000000000001066	0.9712596659384434	0.8655691790474282	6995173
28251862	13244	720765.2939620018	29.00047619047799	30.00000000000189	2.322834635380457	31.000000000002068	18.340000000000337	0.9457316540915337	0.8695892428899563	7057965
28500862	13327	725973.121639967	27.905000000001674	29.00000000000189	3.7054806146260773	31.000000000002068	13.08999999999966	0.9774243641261461	0.8795838728606519	7120215
28752490	13411	731246.0914301872	29.59365853658721	30.00000000000189	1.8408282865298722	32.000000000002245	20.340000000000828	0.970855148046849	0.8771569199201554	7183122
